q_x = -4077.14
q_y = -29737.894999999997
q_z = -13046.869999999999
