q_x = -1833.0900000000001
q_y = 400.31650000000013
q_z = 2382.4235
