q_x = 270.02750000000003
q_y = 68.59849999999994
q_z = 52.73009999999999
