q_x = 1.710872e-39
q_y = 1.710872e-39
q_z = 1.710872e-39
