Gamma_x = -1.3429010061443984e+21
Gamma_y = -8.794381532973172e+19
Gamma_z = 5.547341092293503e+19
