Gamma_x = -2.7480740123660473e+22
Gamma_y = -2.0895894395480215e+21
Gamma_z = 3.0503546309395284e+20
