Gamma_x = -2.8867641095244937e+21
Gamma_y = 9.246422738098497e+19
Gamma_z = 1.0780093279847925e+20
