Gamma_x = 361674449.8527891
Gamma_y = 361674449.8527891
Gamma_z = 361674449.8527891
